 Tev(Myr)    type      Mo        Mt      log10(L)  log10(R) log10(Teff)  Mc        Menv              epoch      spin                                  
    0.0000    1.0000    5.0000    5.0000    2.7244    0.4209    4.2339    0.0000  1.0000E-10      0.0000  4.2152E+03
    5.2008    1.0000    5.0000    5.0000    2.7336    0.4313    4.2310    0.0000  1.0000E-10      0.0000  4.1060E+03
   10.4016    1.0000    5.0000    5.0000    2.7438    0.4419    4.2282    0.0000  1.0000E-10      0.0000  3.9975E+03
   15.6024    1.0000    5.0000    5.0000    2.7548    0.4527    4.2256    0.0000  1.0000E-10      0.0000  3.8885E+03
   20.8032    1.0000    5.0000    5.0000    2.7667    0.4638    4.2230    0.0000  1.0000E-10      0.0000  3.7781E+03
   26.0040    1.0000    5.0000    5.0000    2.7794    0.4754    4.2204    0.0000  1.0000E-10      0.0000  3.6653E+03
   31.2048    1.0000    5.0000    5.0000    2.7931    0.4875    4.2178    0.0000  1.0000E-10      0.0000  3.5495E+03
   36.4057    1.0000    5.0000    5.0000    2.8077    0.5003    4.2150    0.0000  1.0000E-10      0.0000  3.4299E+03
   41.6065    1.0000    5.0000    5.0000    2.8231    0.5139    4.2121    0.0000  1.0000E-10      0.0000  3.3058E+03
   46.8073    1.0000    5.0000    5.0000    2.8394    0.5284    4.2089    0.0000  1.0000E-10      0.0000  3.1768E+03
   52.0081    1.0000    5.0000    5.0000    2.8566    0.5439    4.2055    0.0000  1.0000E-10      0.0000  3.0423E+03
   57.2089    1.0000    5.0000    5.0000    2.8747    0.5606    4.2016    0.0000  1.0000E-10      0.0000  2.9016E+03
   62.4097    1.0000    5.0000    5.0000    2.8936    0.5787    4.1973    0.0000  1.0000E-10      0.0000  2.7541E+03
   67.6105    1.0000    5.0000    5.0000    2.9135    0.5986    4.1923    0.0000  1.0000E-10      0.0000  2.5985E+03
   72.8113    1.0000    5.0000    5.0000    2.9342    0.6207    4.1865    0.0000  1.0000E-10      0.0000  2.4328E+03
   78.0121    1.0000    5.0000    5.0000    2.9558    0.6458    4.1793    0.0000  1.0000E-10      0.0000  2.2544E+03
   83.2129    1.0000    5.0000    5.0000    2.9783    0.6750    4.1704    0.0000  1.0000E-10      0.0000  2.0591E+03
   88.4137    1.0000    5.0000    5.0000    3.0017    0.7100    4.1587    0.0000  1.0000E-10      0.0000  1.8417E+03
   93.3225    1.0000    5.0000    5.0000    3.0246    0.7508    4.1440    0.0000  1.0000E-10      0.0000  1.6114E+03
   97.2492    1.0000    5.0000    5.0000    3.0435    0.7910    4.1286    0.0000  1.0000E-10      0.0000  1.4072E+03
  100.4825    1.0000    5.0000    5.0000    3.0594    0.8309    4.1127    0.0000  1.0000E-10      0.0000  1.2259E+03
  104.0162    2.0000    5.0000    5.0000    3.1787    0.7883    4.1638    0.8433  1.0000E-10      0.0000  1.7066E+03
  104.0361    2.0000    5.0000    5.0000    3.1673    0.8294    4.1404    0.8441  1.0000E-10     -0.0004  1.4814E+03
  104.0560    2.0000    5.0000    5.0000    3.1560    0.8705    4.1170    0.8449  1.0000E-10     -0.0008  1.2813E+03
  104.0759    2.0000    5.0000    5.0000    3.1446    0.9116    4.0936    0.8457  1.0000E-10     -0.0012  1.1047E+03
  104.0958    2.0000    5.0000    5.0000    3.1333    0.9527    4.0702    0.8465  1.0000E-10     -0.0016  9.4944E+02
  104.1158    2.0000    5.0000    5.0000    3.1219    0.9938    4.0468    0.8473  1.0000E-10     -0.0021  8.1370E+02
  104.1357    2.0000    4.9999    4.9999    3.1106    1.0349    4.0235    0.8481  1.0000E-10     -0.0026  6.9555E+02
  104.1556    2.0000    4.9999    4.9999    3.0992    1.0760    4.0001    0.8489  1.0000E-10     -0.0032  5.9313E+02
  104.1755    2.0000    4.9999    4.9999    3.0879    1.1171    3.9767    0.8497  1.0000E-10     -0.0037  5.0467E+02
  104.1954    2.0000    4.9999    4.9999    3.0765    1.1582    3.9533    0.8504  1.0000E-10     -0.0044  4.2856E+02
  104.2154    2.0000    4.9999    4.9999    3.0652    1.1993    3.9299    0.8512  1.0000E-10     -0.0050  3.6327E+02
  104.2353    2.0000    4.9999    4.9999    3.0538    1.2404    3.9065    0.8520  1.0000E-10     -0.0058  3.0742E+02
  104.2552    2.0000    4.9999    4.9999    3.0425    1.2815    3.8831    0.8528  1.0000E-10     -0.0065  2.5978E+02
  104.2751    2.0000    4.9999    4.9999    3.0311    1.3227    3.8597    0.8536  1.0000E-10     -0.0074  2.1923E+02
  104.2950    2.0000    4.9998    4.9998    3.0198    1.3638    3.8363    0.8544  1.0000E-10     -0.0083  1.8480E+02
  104.3150    2.0000    4.9998    4.9998    3.0084    1.4049    3.8129    0.8552  1.0000E-10     -0.0092  1.5561E+02
  104.3349    2.0000    4.9998    4.9998    2.9971    1.4460    3.7896    0.8560  1.0000E-10     -0.0102  1.3091E+02
  104.3548    2.0000    4.9998    4.9998    2.9857    1.4871    3.7662    0.8567  1.0000E-10     -0.0113  1.1003E+02
  104.3747    2.0000    4.9997    4.9997    2.9744    1.5282    3.7428    0.8575  1.8022E-05     -0.0125  9.1943E+01
  104.3947    2.0000    4.9997    4.9997    2.9630    1.5693    3.7194    0.8583  9.2075E-03     -0.0138  6.3426E+01
  104.4146    2.0000    4.9997    4.9997    2.9517    1.6104    3.6960    0.8591  1.5202E-01     -0.0151  2.9322E+01
  104.4345    2.0000    4.9997    4.9997    2.9403    1.6515    3.6726    0.8599  9.8444E-01     -0.0165  1.1372E+01
  104.4443    2.0000    4.9996    4.9996    2.9347    1.6718    3.6611    0.8603  2.0697E+00     -0.0173  7.1691E+00
  104.4444    3.0000    4.9996    4.9996    2.9347    1.6718    3.6611    0.8603  2.0698E+00     -0.0173  7.1687E+00
  104.4482    3.0000    4.9996    4.9996    2.9402    1.6755    3.6605    0.8603  2.0958E+00     -0.0173  7.0300E+00
  104.4520    3.0000    4.9996    4.9996    2.9456    1.6793    3.6600    0.8604  2.1220E+00     -0.0173  6.8941E+00
  104.4557    3.0000    4.9996    4.9996    2.9511    1.6830    3.6595    0.8604  2.1484E+00     -0.0173  6.7610E+00
  104.4594    3.0000    4.9996    4.9996    2.9566    1.6868    3.6590    0.8605  2.1749E+00     -0.0173  6.6306E+00
  104.4631    3.0000    4.9996    4.9996    2.9620    1.6906    3.6585    0.8605  2.2016E+00     -0.0173  6.5029E+00
  104.4668    3.0000    4.9996    4.9996    2.9675    1.6943    3.6580    0.8606  2.2284E+00     -0.0173  6.3778E+00
  104.4704    3.0000    4.9996    4.9996    2.9729    1.6981    3.6575    0.8606  2.2554E+00     -0.0173  6.2553E+00
  104.4739    3.0000    4.9996    4.9996    2.9784    1.7018    3.6569    0.8607  2.2826E+00     -0.0173  6.1353E+00
  104.4775    3.0000    4.9996    4.9996    2.9838    1.7056    3.6564    0.8607  2.3098E+00     -0.0173  6.0177E+00
  104.4810    3.0000    4.9996    4.9996    2.9893    1.7094    3.6559    0.8608  2.3372E+00     -0.0173  5.9025E+00
  104.4844    3.0000    4.9996    4.9996    2.9947    1.7131    3.6554    0.8608  2.3648E+00     -0.0173  5.7896E+00
  104.4878    3.0000    4.9996    4.9996    3.0002    1.7169    3.6549    0.8608  2.3925E+00     -0.0173  5.6791E+00
  104.4912    3.0000    4.9996    4.9996    3.0057    1.7207    3.6544    0.8609  2.4203E+00     -0.0173  5.5707E+00
  104.4946    3.0000    4.9996    4.9996    3.0111    1.7244    3.6538    0.8609  2.4482E+00     -0.0173  5.4646E+00
  104.4979    3.0000    4.9996    4.9995    3.0166    1.7282    3.6533    0.8610  2.4762E+00     -0.0173  5.3606E+00
  104.5012    3.0000    4.9996    4.9995    3.0220    1.7320    3.6528    0.8610  2.5044E+00     -0.0173  5.2587E+00
  104.5045    3.0000    4.9996    4.9995    3.0275    1.7357    3.6523    0.8611  2.5327E+00     -0.0173  5.1589E+00
  104.5077    3.0000    4.9996    4.9995    3.0329    1.7395    3.6517    0.8611  2.5610E+00     -0.0173  5.0610E+00
  104.5109    3.0000    4.9996    4.9995    3.0384    1.7433    3.6512    0.8611  2.5895E+00     -0.0173  4.9652E+00
  104.5141    3.0000    4.9996    4.9995    3.0439    1.7471    3.6507    0.8612  2.6181E+00     -0.0173  4.8712E+00
  104.5172    3.0000    4.9996    4.9995    3.0493    1.7509    3.6502    0.8612  2.6467E+00     -0.0173  4.7791E+00
  104.5203    3.0000    4.9996    4.9995    3.0548    1.7546    3.6496    0.8613  2.6755E+00     -0.0173  4.6889E+00
  104.5234    3.0000    4.9996    4.9995    3.0602    1.7584    3.6491    0.8613  2.7043E+00     -0.0173  4.6005E+00
  104.5264    3.0000    4.9996    4.9995    3.0657    1.7622    3.6486    0.8613  2.7332E+00     -0.0173  4.5138E+00
  104.5294    3.0000    4.9996    4.9995    3.0711    1.7660    3.6481    0.8614  2.7621E+00     -0.0173  4.4289E+00
  104.5324    3.0000    4.9996    4.9995    3.0766    1.7698    3.6475    0.8614  2.7912E+00     -0.0173  4.3456E+00
  104.5353    3.0000    4.9996    4.9995    3.0820    1.7735    3.6470    0.8615  2.8202E+00     -0.0173  4.2640E+00
  104.5383    3.0000    4.9996    4.9994    3.0875    1.7773    3.6465    0.8615  2.8493E+00     -0.0173  4.1840E+00
  104.5411    3.0000    4.9996    4.9994    3.0930    1.7811    3.6459    0.8615  2.8785E+00     -0.0173  4.1056E+00
  104.5440    3.0000    4.9996    4.9994    3.0984    1.7849    3.6454    0.8616  2.9077E+00     -0.0173  4.0287E+00
  104.5468    3.0000    4.9996    4.9994    3.1039    1.7887    3.6449    0.8616  2.9369E+00     -0.0173  3.9534E+00
  104.5496    3.0000    4.9996    4.9994    3.1093    1.7925    3.6444    0.8617  2.9661E+00     -0.0173  3.8796E+00
  104.5524    3.0000    4.9996    4.9994    3.1148    1.7963    3.6438    0.8617  2.9953E+00     -0.0173  3.8071E+00
  104.5552    3.0000    4.9996    4.9994    3.1202    1.8001    3.6433    0.8617  3.0245E+00     -0.0173  3.7362E+00
  104.5579    3.0000    4.9996    4.9994    3.1257    1.8039    3.6428    0.8618  3.0536E+00     -0.0173  3.6666E+00
  104.5606    3.0000    4.9996    4.9994    3.1311    1.8077    3.6422    0.8618  3.0828E+00     -0.0173  3.5984E+00
  104.5632    3.0000    4.9996    4.9994    3.1366    1.8115    3.6417    0.8618  3.1119E+00     -0.0173  3.5315E+00
  104.5659    3.0000    4.9996    4.9994    3.1421    1.8153    3.6411    0.8619  3.1410E+00     -0.0173  3.4659E+00
  104.5685    3.0000    4.9996    4.9993    3.1475    1.8191    3.6406    0.8619  3.1700E+00     -0.0173  3.4016E+00
  104.5711    3.0000    4.9996    4.9993    3.1530    1.8229    3.6401    0.8619  3.1989E+00     -0.0173  3.3385E+00
  104.5736    3.0000    4.9996    4.9993    3.1584    1.8267    3.6395    0.8620  3.2278E+00     -0.0173  3.2767E+00
  104.5762    3.0000    4.9996    4.9993    3.1639    1.8305    3.6390    0.8620  3.2566E+00     -0.0173  3.2161E+00
  104.5787    3.0000    4.9996    4.9993    3.1693    1.8343    3.6385    0.8620  3.2852E+00     -0.0173  3.1567E+00
  104.5812    3.0000    4.9996    4.9993    3.1748    1.8381    3.6379    0.8621  3.3137E+00     -0.0173  3.0984E+00
  104.5836    3.0000    4.9996    4.9993    3.1803    1.8419    3.6374    0.8621  3.3421E+00     -0.0173  3.0412E+00
  104.5861    3.0000    4.9996    4.9993    3.1857    1.8457    3.6368    0.8621  3.3704E+00     -0.0173  2.9851E+00
  104.5885    3.0000    4.9996    4.9993    3.1912    1.8495    3.6363    0.8622  3.3985E+00     -0.0173  2.9302E+00
  104.5909    3.0000    4.9996    4.9993    3.1966    1.8533    3.6358    0.8622  3.4264E+00     -0.0173  2.8762E+00
  104.5932    3.0000    4.9996    4.9992    3.2021    1.8571    3.6352    0.8622  3.4541E+00     -0.0173  2.8234E+00
  104.5956    3.0000    4.9996    4.9992    3.2075    1.8610    3.6347    0.8623  3.4816E+00     -0.0173  2.7715E+00
  104.5979    3.0000    4.9996    4.9992    3.2130    1.8648    3.6341    0.8623  3.5088E+00     -0.0173  2.7206E+00
  104.6002    3.0000    4.9996    4.9992    3.2184    1.8686    3.6336    0.8623  3.5358E+00     -0.0173  2.6708E+00
  104.6025    3.0000    4.9996    4.9992    3.2239    1.8724    3.6330    0.8623  3.5626E+00     -0.0173  2.6218E+00
  104.6047    3.0000    4.9996    4.9992    3.2294    1.8762    3.6325    0.8624  3.5891E+00     -0.0173  2.5738E+00
  104.6069    3.0000    4.9996    4.9992    3.2348    1.8800    3.6320    0.8624  3.6152E+00     -0.0173  2.5267E+00
  104.6091    3.0000    4.9996    4.9992    3.2403    1.8839    3.6314    0.8624  3.6411E+00     -0.0173  2.4806E+00
  104.6113    3.0000    4.9996    4.9992    3.2457    1.8877    3.6309    0.8625  3.6666E+00     -0.0173  2.4353E+00
  104.6135    3.0000    4.9996    4.9991    3.2512    1.8915    3.6303    0.8625  3.6917E+00     -0.0173  2.3908E+00
  104.6156    3.0000    4.9996    4.9991    3.2566    1.8953    3.6298    0.8625  3.7164E+00     -0.0173  2.3472E+00
  104.6177    3.0000    4.9996    4.9991    3.2621    1.8992    3.6292    0.8626  3.7408E+00     -0.0173  2.3045E+00
  104.6198    3.0000    4.9996    4.9991    3.2675    1.9030    3.6287    0.8626  3.7647E+00     -0.0173  2.2625E+00
  104.6219    3.0000    4.9996    4.9991    3.2730    1.9068    3.6281    0.8626  3.7881E+00     -0.0173  2.2213E+00
  104.6239    3.0000    4.9996    4.9991    3.2785    1.9106    3.6276    0.8626  3.8111E+00     -0.0173  2.1810E+00
  104.6260    3.0000    4.9996    4.9991    3.2839    1.9145    3.6270    0.8627  3.8335E+00     -0.0173  2.1413E+00
  104.6280    3.0000    4.9996    4.9991    3.2894    1.9183    3.6265    0.8627  3.8554E+00     -0.0173  2.1025E+00
  104.6300    3.0000    4.9996    4.9990    3.2948    1.9221    3.6259    0.8627  3.8768E+00     -0.0173  2.0643E+00
  104.6320    3.0000    4.9996    4.9990    3.3003    1.9260    3.6254    0.8627  3.8975E+00     -0.0173  2.0269E+00
  104.6339    3.0000    4.9996    4.9990    3.3057    1.9298    3.6248    0.8628  3.9176E+00     -0.0173  1.9902E+00
  104.6358    3.0000    4.9996    4.9990    3.3112    1.9336    3.6243    0.8628  3.9371E+00     -0.0173  1.9542E+00
  104.6378    3.0000    4.9996    4.9990    3.3167    1.9375    3.6237    0.8628  3.9559E+00     -0.0173  1.9188E+00
  104.6396    3.0000    4.9996    4.9990    3.3221    1.9413    3.6231    0.8628  3.9740E+00     -0.0173  1.8841E+00
  104.6415    3.0000    4.9996    4.9990    3.3276    1.9451    3.6226    0.8629  3.9913E+00     -0.0173  1.8501E+00
  104.6434    3.0000    4.9996    4.9990    3.3330    1.9490    3.6220    0.8629  4.0079E+00     -0.0173  1.8167E+00
  104.6452    3.0000    4.9996    4.9989    3.3385    1.9528    3.6215    0.8629  4.0236E+00     -0.0173  1.7839E+00
  104.6470    3.0000    4.9996    4.9989    3.3439    1.9567    3.6209    0.8629  4.0385E+00     -0.0173  1.7518E+00
  104.6488    3.0000    4.9996    4.9989    3.3494    1.9605    3.6204    0.8630  4.0525E+00     -0.0173  1.7202E+00
  104.6506    3.0000    4.9996    4.9989    3.3548    1.9643    3.6198    0.8630  4.0655E+00     -0.0173  1.6892E+00
  104.6524    3.0000    4.9996    4.9989    3.3603    1.9682    3.6193    0.8630  4.0776E+00     -0.0173  1.6588E+00
  104.6541    3.0000    4.9996    4.9989    3.3658    1.9720    3.6187    0.8630  4.0887E+00     -0.0173  1.6290E+00
  104.6559    3.0000    4.9996    4.9989    3.3712    1.9759    3.6181    0.8631  4.0987E+00     -0.0173  1.5997E+00
  104.6576    3.0000    4.9996    4.9988    3.3767    1.9797    3.6176    0.8631  4.1076E+00     -0.0173  1.5710E+00
  104.6593    3.0000    4.9996    4.9988    3.3821    1.9836    3.6170    0.8631  4.1154E+00     -0.0173  1.5428E+00
  104.6610    3.0000    4.9996    4.9988    3.3876    1.9874    3.6165    0.8631  4.1220E+00     -0.0173  1.5151E+00
  104.6626    3.0000    4.9996    4.9988    3.3930    1.9913    3.6159    0.8631  4.1273E+00     -0.0173  1.4879E+00
  104.6643    3.0000    4.9996    4.9988    3.3985    1.9951    3.6153    0.8632  4.1314E+00     -0.0173  1.4612E+00
  104.6659    3.0000    4.9996    4.9988    3.4039    1.9990    3.6148    0.8632  4.1341E+00     -0.0173  1.4350E+00
  104.6675    3.0000    4.9996    4.9987    3.4094    2.0028    3.6142    0.8632  4.1354E+00     -0.0173  1.4093E+00
  104.6691    3.0000    4.9996    4.9987    3.4149    2.0067    3.6136    0.8632  4.1355E+00     -0.0173  1.3841E+00
  104.6707    3.0000    4.9996    4.9987    3.4203    2.0106    3.6131    0.8632  4.1355E+00     -0.0173  1.3594E+00
  104.6723    3.0000    4.9996    4.9987    3.4258    2.0144    3.6125    0.8633  4.1354E+00     -0.0173  1.3350E+00
  104.6738    3.0000    4.9996    4.9987    3.4312    2.0183    3.6119    0.8633  4.1354E+00     -0.0173  1.3112E+00
  104.6753    3.0000    4.9996    4.9987    3.4367    2.0221    3.6114    0.8633  4.1353E+00     -0.0173  1.2878E+00
  104.6769    3.0000    4.9996    4.9986    3.4421    2.0260    3.6108    0.8633  4.1353E+00     -0.0173  1.2648E+00
  104.6784    3.0000    4.9996    4.9986    3.4476    2.0298    3.6102    0.8633  4.1353E+00     -0.0173  1.2422E+00
  104.6798    3.0000    4.9996    4.9986    3.4531    2.0337    3.6097    0.8634  4.1352E+00     -0.0173  1.2200E+00
  104.6813    3.0000    4.9996    4.9986    3.4585    2.0376    3.6091    0.8634  4.1352E+00     -0.0173  1.1983E+00
  104.6828    3.0000    4.9996    4.9986    3.4640    2.0414    3.6085    0.8634  4.1352E+00     -0.0173  1.1769E+00
  104.6842    3.0000    4.9996    4.9985    3.4694    2.0453    3.6080    0.8634  4.1351E+00     -0.0173  1.1559E+00
  104.6857    3.0000    4.9996    4.9985    3.4749    2.0492    3.6074    0.8634  4.1351E+00     -0.0173  1.1353E+00
  104.6871    3.0000    4.9996    4.9985    3.4803    2.0530    3.6068    0.8635  4.1350E+00     -0.0173  1.1151E+00
  104.6885    3.0000    4.9996    4.9985    3.4858    2.0569    3.6063    0.8635  4.1350E+00     -0.0173  1.0953E+00
  104.6899    3.0000    4.9996    4.9985    3.4912    2.0608    3.6057    0.8635  4.1350E+00     -0.0173  1.0758E+00
  104.6909    4.0000    4.9996    4.9985    3.4956    2.0638    3.6052    0.8635  4.1349E+00     -0.0173  1.0606E+00
  104.8453    4.0000    4.9996    4.9962    3.4596    2.0384    3.6090    0.8668  4.1294E+00     -0.0173  1.1921E+00
  104.9996    4.0000    4.9996    4.9943    3.4257    2.0145    3.6124    0.8700  4.1242E+00     -0.0173  1.3318E+00
  105.1539    4.0000    4.9996    4.9926    3.3937    1.9920    3.6157    0.8733  4.1193E+00     -0.0173  1.4790E+00
  105.3083    4.0000    4.9996    4.9911    3.3637    1.9709    3.6188    0.8765  4.1145E+00     -0.0173  1.6329E+00
  105.4626    4.0000    4.9996    4.9897    3.3355    1.9511    3.6216    0.8798  4.1099E+00     -0.0173  1.7927E+00
  105.6169    4.0000    4.9996    4.9885    3.3091    1.9325    3.6243    0.8830  4.1055E+00     -0.0173  1.9572E+00
  105.7712    4.0000    4.9996    4.9875    3.2845    1.9152    3.6268    0.8863  4.1012E+00     -0.0173  2.1252E+00
  105.9256    4.0000    4.9996    4.9865    3.2615    1.8992    3.6291    0.8896  4.0969E+00     -0.0173  2.2955E+00
  106.0799    4.0000    4.9996    4.9856    3.2401    1.8842    3.6312    0.8928  4.0928E+00     -0.0173  2.4668E+00
  106.2342    4.0000    4.9996    4.9848    3.2203    1.8704    3.6332    0.8961  4.0887E+00     -0.0173  2.6377E+00
  106.3885    4.0000    4.9996    4.9840    3.2020    1.8576    3.6350    0.8993  4.0847E+00     -0.0173  2.8069E+00
  106.5428    4.0000    4.9996    4.9833    3.1851    1.8458    3.6366    0.9026  4.0807E+00     -0.0173  2.9730E+00
  106.6972    4.0000    4.9996    4.9826    3.1696    1.8350    3.6381    0.9058  4.0768E+00     -0.0173  3.1348E+00
  106.8515    4.0000    4.9996    4.9820    3.1554    1.8252    3.6395    0.9091  4.0729E+00     -0.0173  3.2910E+00
  107.0058    4.0000    4.9996    4.9814    3.1425    1.8162    3.6408    0.9124  4.0690E+00     -0.0173  3.4406E+00
  107.1601    4.0000    4.9996    4.9808    3.1308    1.8081    3.6419    0.9156  4.0652E+00     -0.0173  3.5826E+00
  107.3145    4.0000    4.9996    4.9803    3.1202    1.8007    3.6430    0.9189  4.0614E+00     -0.0173  3.7162E+00
  107.4688    4.0000    4.9996    4.9798    3.1108    1.7942    3.6439    0.9221  4.0577E+00     -0.0173  3.8407E+00
  107.6231    4.0000    4.9996    4.9793    3.1023    1.7883    3.6447    0.9254  4.0539E+00     -0.0173  3.9556E+00
  107.7775    4.0000    4.9996    4.9788    3.0948    1.7831    3.6454    0.9286  4.0502E+00     -0.0173  4.0605E+00
  107.9318    4.0000    4.9996    4.9783    3.0882    1.7786    3.6460    0.9319  4.0464E+00     -0.0173  4.1553E+00
  108.0861    4.0000    4.9996    4.9779    3.0825    1.7746    3.6466    0.9351  4.0427E+00     -0.0173  4.2400E+00
  108.2404    4.0000    4.9996    4.9774    3.0776    1.7712    3.6471    0.9384  4.0390E+00     -0.0173  4.3147E+00
  108.3948    4.0000    4.9996    4.9770    3.0734    1.7683    3.6475    0.9417  4.0353E+00     -0.0173  4.3796E+00
  108.5491    4.0000    4.9996    4.9766    3.0699    1.7659    3.6478    0.9449  4.0317E+00     -0.0173  4.4351E+00
  108.7034    4.0000    4.9996    4.9761    3.0670    1.7639    3.6481    0.9482  4.0280E+00     -0.0173  4.4818E+00
  108.8577    4.0000    4.9996    4.9757    3.0646    1.7623    3.6483    0.9514  4.0243E+00     -0.0173  4.5203E+00
  109.0121    4.0000    4.9996    4.9753    3.0627    1.7610    3.6485    0.9547  4.0206E+00     -0.0173  4.5513E+00
  109.1664    4.0000    4.9996    4.9749    3.0613    1.7600    3.6486    0.9579  4.0170E+00     -0.0173  4.5756E+00
  109.3207    4.0000    4.9996    4.9745    3.0603    1.7593    3.6487    0.9612  4.0133E+00     -0.0173  4.5939E+00
  109.4750    4.0000    4.9996    4.9741    3.0596    1.7588    3.6487    0.9644  4.0096E+00     -0.0173  4.6071E+00
  109.6293    4.0000    4.9996    4.9737    3.0591    1.7585    3.6488    0.9677  4.0060E+00     -0.0173  4.6162E+00
  109.7837    4.0000    4.9996    4.9732    3.0588    1.7584    3.6488    0.9710  4.0023E+00     -0.0173  4.6220E+00
  109.9380    4.0000    4.9996    4.9728    3.0587    1.7583    3.6488    0.9742  3.9986E+00     -0.0173  4.6255E+00
  110.0923    4.0000    4.9996    4.9724    3.0587    1.7583    3.6488    0.9775  3.9950E+00     -0.0173  4.6277E+00
  110.2467    4.0000    4.9996    4.9720    3.0609    1.7583    3.6493    0.9807  3.7735E+00     -0.0173  4.7630E+00
  110.4010    4.0000    4.9996    4.9716    3.0649    1.7583    3.6503    0.9840  3.4098E+00     -0.0173  5.0120E+00
  110.5553    4.0000    4.9996    4.9712    3.0689    1.7584    3.6513    0.9872  3.0790E+00     -0.0173  5.2733E+00
  110.7096    4.0000    4.9996    4.9708    3.0728    1.7584    3.6523    0.9905  2.7786E+00     -0.0173  5.5472E+00
  110.8640    4.0000    4.9996    4.9704    3.0768    1.7584    3.6533    0.9937  2.5062E+00     -0.0173  5.8334E+00
  111.0183    4.0000    4.9996    4.9699    3.0808    1.7585    3.6542    0.9970  2.2596E+00     -0.0173  6.1318E+00
  111.1726    4.0000    4.9996    4.9695    3.0848    1.7586    3.6552    1.0003  2.0367E+00     -0.0173  6.4422E+00
  111.3269    4.0000    4.9996    4.9691    3.0888    1.7587    3.6561    1.0035  1.8356E+00     -0.0173  6.7640E+00
  111.4813    4.0000    4.9996    4.9686    3.0928    1.7588    3.6570    1.0068  1.6543E+00     -0.0173  7.0966E+00
  111.6356    4.0000    4.9996    4.9682    3.0968    1.7590    3.6580    1.0100  1.4911E+00     -0.0173  7.4393E+00
  111.7899    4.0000    4.9996    4.9678    3.1008    1.7592    3.6588    1.0133  1.3445E+00     -0.0173  7.7909E+00
  111.9442    4.0000    4.9996    4.9673    3.1048    1.7595    3.6597    1.0165  1.2129E+00     -0.0173  8.1504E+00
  112.0986    4.0000    4.9996    4.9669    3.1088    1.7598    3.6606    1.0198  1.0948E+00     -0.0173  8.5162E+00
  112.2529    4.0000    4.9996    4.9664    3.1128    1.7601    3.6614    1.0231  9.8917E-01     -0.0173  8.8868E+00
  112.4072    4.0000    4.9996    4.9659    3.1168    1.7605    3.6622    1.0263  8.9466E-01     -0.0173  9.2604E+00
  112.5615    4.0000    4.9996    4.9655    3.1208    1.7610    3.6630    1.0296  8.1022E-01     -0.0173  9.6349E+00
  112.7159    4.0000    4.9996    4.9650    3.1248    1.7615    3.6637    1.0328  7.3487E-01     -0.0173  1.0008E+01
  112.8702    4.0000    4.9996    4.9645    3.1288    1.7621    3.6644    1.0361  6.6771E-01     -0.0173  1.0377E+01
  113.0245    4.0000    4.9996    4.9640    3.1328    1.7627    3.6651    1.0393  6.0793E-01     -0.0173  1.0741E+01
  113.1788    4.0000    4.9996    4.9635    3.1368    1.7634    3.6658    1.0426  5.5477E-01     -0.0173  1.1095E+01
  113.3332    4.0000    4.9996    4.9630    3.1408    1.7642    3.6664    1.0458  5.0757E-01     -0.0173  1.1437E+01
  113.4875    4.0000    4.9996    4.9625    3.1448    1.7651    3.6669    1.0491  4.6573E-01     -0.0173  1.1765E+01
  113.6418    4.0000    4.9996    4.9620    3.1489    1.7660    3.6675    1.0524  4.2870E-01     -0.0173  1.2076E+01
  113.7961    4.0000    4.9996    4.9615    3.1529    1.7671    3.6679    1.0556  3.9599E-01     -0.0173  1.2366E+01
  113.9505    4.0000    4.9996    4.9610    3.1569    1.7682    3.6684    1.0589  3.6719E-01     -0.0173  1.2633E+01
  114.1048    4.0000    4.9996    4.9605    3.1609    1.7695    3.6688    1.0621  3.4189E-01     -0.0173  1.2874E+01
  114.2591    4.0000    4.9996    4.9600    3.1649    1.7708    3.6691    1.0654  3.1976E-01     -0.0173  1.3087E+01
  114.4134    4.0000    4.9996    4.9594    3.1689    1.7722    3.6694    1.0686  3.0052E-01     -0.0173  1.3269E+01
  114.5678    4.0000    4.9996    4.9589    3.1729    1.7737    3.6696    1.0719  2.8388E-01     -0.0173  1.3418E+01
  114.7221    4.0000    4.9996    4.9583    3.1769    1.7754    3.6698    1.0751  2.6965E-01     -0.0173  1.3533E+01
  114.8764    4.0000    4.9996    4.9578    3.1809    1.7771    3.6699    1.0784  2.5762E-01     -0.0173  1.3610E+01
  115.0307    4.0000    4.9996    4.9572    3.1850    1.7790    3.6700    1.0817  2.4763E-01     -0.0173  1.3650E+01
  115.1851    4.0000    4.9996    4.9566    3.1890    1.7810    3.6700    1.0849  2.3957E-01     -0.0173  1.3650E+01
  115.3394    4.0000    4.9996    4.9560    3.1930    1.7831    3.6699    1.0882  2.3334E-01     -0.0173  1.3611E+01
  115.4937    4.0000    4.9996    4.9555    3.1970    1.7854    3.6698    1.0914  2.2885E-01     -0.0173  1.3531E+01
  115.6480    4.0000    4.9996    4.9549    3.2010    1.7878    3.6696    1.0947  2.2609E-01     -0.0173  1.3410E+01
  115.8024    4.0000    4.9996    4.9543    3.2050    1.7903    3.6694    1.0979  2.2503E-01     -0.0173  1.3248E+01
  115.9567    4.0000    4.9996    4.9536    3.2090    1.7930    3.6690    1.1012  2.2570E-01     -0.0173  1.3047E+01
  116.1110    4.0000    4.9996    4.9530    3.2130    1.7958    3.6686    1.1045  2.2814E-01     -0.0173  1.2807E+01
  116.2653    4.0000    4.9996    4.9524    3.2170    1.7987    3.6682    1.1077  2.3245E-01     -0.0173  1.2528E+01
  116.4197    4.0000    4.9996    4.9517    3.2211    1.8019    3.6676    1.1110  2.3875E-01     -0.0173  1.2213E+01
  116.5740    4.0000    4.9996    4.9511    3.2251    1.8051    3.6670    1.1142  2.4721E-01     -0.0173  1.1864E+01
  116.7283    4.0000    4.9996    4.9504    3.2291    1.8086    3.6663    1.1175  2.5807E-01     -0.0173  1.1482E+01
  116.8826    4.0000    4.9996    4.9497    3.2331    1.8074    3.6678    1.1207  2.1631E-01     -0.0173  1.2221E+01
  117.0370    4.0000    4.9996    4.9490    3.2371    1.8099    3.6676    1.1240  2.1613E-01     -0.0173  1.2056E+01
  117.1913    4.0000    4.9996    4.9483    3.2411    1.8130    3.6670    1.1272  2.2235E-01     -0.0173  1.1748E+01
  117.3456    4.0000    4.9996    4.9476    3.2451    1.8164    3.6663    1.1305  2.3319E-01     -0.0173  1.1353E+01
  117.4999    4.0000    4.9996    4.9469    3.2491    1.8202    3.6654    1.1338  2.4846E-01     -0.0173  1.0894E+01
  117.6543    4.0000    4.9996    4.9462    3.2531    1.8243    3.6644    1.1370  2.6849E-01     -0.0173  1.0383E+01
  117.8086    4.0000    4.9996    4.9454    3.2571    1.8287    3.6632    1.1403  2.9396E-01     -0.0173  9.8312E+00
  117.9629    4.0000    4.9996    4.9447    3.2612    1.8333    3.6619    1.1435  3.2584E-01     -0.0173  9.2479E+00
  118.1172    4.0000    4.9996    4.9439    3.2652    1.8383    3.6604    1.1468  3.6544E-01     -0.0173  8.6413E+00
  118.2716    4.0000    4.9996    4.9431    3.2692    1.8435    3.6588    1.1500  4.1447E-01     -0.0173  8.0196E+00
  118.4259    4.0000    4.9996    4.9423    3.2732    1.8490    3.6570    1.1533  4.7513E-01     -0.0173  7.3910E+00
  118.5802    4.0000    4.9996    4.9415    3.2772    1.8549    3.6551    1.1565  5.5022E-01     -0.0173  6.7635E+00
  118.7345    4.0000    4.9996    4.9406    3.2812    1.8610    3.6530    1.1598  6.4338E-01     -0.0173  6.1448E+00
  118.8889    4.0000    4.9996    4.9398    3.2852    1.8675    3.6508    1.1631  7.5923E-01     -0.0173  5.5420E+00
  119.0432    4.0000    4.9996    4.9389    3.2892    1.8743    3.6484    1.1663  9.0373E-01     -0.0173  4.9617E+00
  119.1975    4.0000    4.9996    4.9380    3.2932    1.8815    3.6458    1.1696  1.0845E+00     -0.0173  4.4094E+00
  119.3518    4.0000    4.9996    4.9370    3.2972    1.8890    3.6431    1.1728  1.3115E+00     -0.0173  3.8899E+00
  119.5062    4.0000    4.9996    4.9361    3.3012    1.8969    3.6401    1.1761  1.5974E+00     -0.0173  3.4066E+00
  119.6605    4.0000    4.9996    4.9351    3.3052    1.9051    3.6370    1.1793  1.9588E+00     -0.0173  2.9619E+00
  119.8148    4.0000    4.9996    4.9341    3.3092    1.9138    3.6337    1.1826  2.4169E+00     -0.0173  2.5572E+00
  119.9691    4.0000    4.9996    4.9330    3.3132    1.9228    3.6301    1.1858  2.9995E+00     -0.0173  2.1926E+00
  120.1235    5.0000    4.9996    4.9319    3.3171    1.9323    3.6264    1.1891  3.7428E+00     -0.0173  1.8674E+00
  120.1423    5.0000    4.9996    4.9318    3.3281    1.9398    3.6254    1.1891  3.7427E+00     -0.0173  1.8016E+00
  120.1608    5.0000    4.9996    4.9317    3.3391    1.9473    3.6244    1.1891  3.7426E+00     -0.0173  1.7383E+00
  120.1788    5.0000    4.9996    4.9315    3.3501    1.9549    3.6234    1.1891  3.7424E+00     -0.0173  1.6772E+00
  120.1966    5.0000    4.9996    4.9314    3.3610    1.9624    3.6223    1.1891  3.7423E+00     -0.0173  1.6184E+00
  120.2139    5.0000    4.9996    4.9312    3.3720    1.9699    3.6213    1.1891  3.7421E+00     -0.0173  1.5616E+00
  120.2310    5.0000    4.9996    4.9311    3.3830    1.9775    3.6203    1.1891  3.7420E+00     -0.0173  1.5070E+00
  120.2477    5.0000    4.9996    4.9309    3.3939    1.9850    3.6192    1.1891  3.7418E+00     -0.0173  1.4543E+00
  120.2640    5.0000    4.9996    4.9308    3.4049    1.9926    3.6182    1.1891  3.7417E+00     -0.0173  1.4035E+00
  120.2800    5.0000    4.9996    4.9306    3.4159    2.0001    3.6172    1.1891  3.7415E+00     -0.0173  1.3545E+00
  120.2957    5.0000    4.9996    4.9304    3.4268    2.0077    3.6161    1.1891  3.7413E+00     -0.0173  1.3073E+00
  120.3111    5.0000    4.9996    4.9303    3.4378    2.0152    3.6151    1.1891  3.7412E+00     -0.0173  1.2617E+00
  120.3262    5.0000    4.9996    4.9301    3.4488    2.0228    3.6141    1.1891  3.7410E+00     -0.0173  1.2178E+00
  120.3410    5.0000    4.9996    4.9299    3.4597    2.0304    3.6130    1.1891  3.7408E+00     -0.0173  1.1754E+00
  120.3555    5.0000    4.9996    4.9297    3.4707    2.0380    3.6120    1.1891  3.7406E+00     -0.0173  1.1346E+00
  120.3697    5.0000    4.9996    4.9296    3.4817    2.0455    3.6109    1.1891  3.7404E+00     -0.0173  1.0951E+00
  120.3836    5.0000    4.9996    4.9294    3.4926    2.0531    3.6099    1.1891  3.7403E+00     -0.0173  1.0571E+00
  120.3972    5.0000    4.9996    4.9292    3.5036    2.0607    3.6088    1.1891  3.7401E+00     -0.0173  1.0205E+00
  120.4106    5.0000    4.9996    4.9290    3.5146    2.0683    3.6078    1.1891  3.7399E+00     -0.0173  9.8507E-01
  120.4237    5.0000    4.9996    4.9288    3.5255    2.0759    3.6067    1.1891  3.7397E+00     -0.0173  9.5092E-01
  120.4365    5.0000    4.9996    4.9286    3.5365    2.0835    3.6056    1.1891  3.7395E+00     -0.0173  9.1798E-01
  120.4491    5.0000    4.9996    4.9283    3.5475    2.0911    3.6046    1.1891  3.7392E+00     -0.0173  8.8618E-01
  120.4614    5.0000    4.9996    4.9281    3.5584    2.0987    3.6035    1.1891  3.7390E+00     -0.0173  8.5550E-01
  120.4735    5.0000    4.9996    4.9279    3.5694    2.1063    3.6025    1.1891  3.7388E+00     -0.0173  8.2589E-01
  120.4853    5.0000    4.9996    4.9277    3.5804    2.1140    3.6014    1.1891  3.7386E+00     -0.0173  7.9731E-01
  120.4969    5.0000    4.9996    4.9274    3.5913    2.1216    3.6003    1.1891  3.7383E+00     -0.0173  7.6972E-01
  120.5083    5.0000    4.9996    4.9272    3.6023    2.1292    3.5992    1.1891  3.7381E+00     -0.0173  7.4309E-01
  120.5194    5.0000    4.9996    4.9270    3.6133    2.1368    3.5982    1.1891  3.7379E+00     -0.0173  7.1739E-01
  120.5303    5.0000    4.9996    4.9267    3.6242    2.1445    3.5971    1.1891  3.7376E+00     -0.0173  6.9257E-01
  120.5410    5.0000    4.9996    4.9265    3.6352    2.1521    3.5960    1.1891  3.7374E+00     -0.0173  6.6860E-01
  120.5515    5.0000    4.9996    4.9262    3.6462    2.1597    3.5949    1.1891  3.7371E+00     -0.0173  6.4546E-01
  120.5618    5.0000    4.9996    4.9259    3.6571    2.1674    3.5939    1.1891  3.7368E+00     -0.0173  6.2312E-01
  120.5719    5.0000    4.9996    4.9257    3.6681    2.1750    3.5928    1.1891  3.7366E+00     -0.0173  6.0155E-01
  120.5817    5.0000    4.9996    4.9254    3.6791    2.1827    3.5917    1.1891  3.7363E+00     -0.0173  5.8071E-01
  120.5914    5.0000    4.9996    4.9251    3.6900    2.1903    3.5906    1.1891  3.7360E+00     -0.0173  5.6059E-01
  120.6009    5.0000    4.9996    4.9248    3.7010    2.1980    3.5895    1.1891  3.7357E+00     -0.0173  5.4115E-01
  120.6102    5.0000    4.9996    4.9245    3.7120    2.2057    3.5884    1.1891  3.7354E+00     -0.0173  5.2238E-01
  120.6193    5.0000    4.9996    4.9242    3.7229    2.2133    3.5873    1.1891  3.7351E+00     -0.0173  5.0425E-01
  120.6282    5.0000    4.9996    4.9239    3.7339    2.2210    3.5862    1.1891  3.7348E+00     -0.0173  4.8673E-01
  120.6369    5.0000    4.9996    4.9236    3.7449    2.2287    3.5852    1.1891  3.7345E+00     -0.0173  4.6981E-01
  120.6455    5.0000    4.9996    4.9232    3.7558    2.2363    3.5841    1.1891  3.7341E+00     -0.0173  4.5346E-01
  120.6539    5.0000    4.9996    4.9229    3.7668    2.2440    3.5830    1.1891  3.7338E+00     -0.0173  4.3766E-01
  120.6621    5.0000    4.9996    4.9226    3.7778    2.2517    3.5819    1.1891  3.7335E+00     -0.0173  4.2240E-01
  120.6702    5.0000    4.9996    4.9222    3.7887    2.2594    3.5808    1.1891  3.7331E+00     -0.0173  4.0765E-01
  120.6781    5.0000    4.9996    4.9218    3.7997    2.2671    3.5796    1.1891  3.7327E+00     -0.0173  3.9340E-01
  120.6858    5.0000    4.9996    4.9215    3.8107    2.2748    3.5785    1.1891  3.7324E+00     -0.0173  3.7962E-01
  120.6934    5.0000    4.9996    4.9211    3.8216    2.2825    3.5774    1.1891  3.7320E+00     -0.0173  3.6631E-01
  120.7009    5.0000    4.9996    4.9207    3.8326    2.2902    3.5763    1.1891  3.7316E+00     -0.0173  3.5344E-01
  120.7082    5.0000    4.9996    4.9203    3.8436    2.2979    3.5752    1.1891  3.7312E+00     -0.0173  3.4101E-01
  120.7153    5.0000    4.9996    4.9199    3.8546    2.3056    3.5741    1.1891  3.7308E+00     -0.0173  3.2899E-01
  120.7223    5.0000    4.9996    4.9195    3.8655    2.3133    3.5730    1.1891  3.7304E+00     -0.0173  3.1737E-01
  120.7292    5.0000    4.9996    4.9191    3.8765    2.3210    3.5719    1.1891  3.7300E+00     -0.0173  3.0614E-01
  120.7359    5.0000    4.9996    4.9187    3.8875    2.3288    3.5708    1.1891  3.7296E+00     -0.0173  2.9528E-01
  120.7425    5.0000    4.9996    4.9182    3.8984    2.3365    3.5696    1.1891  3.7291E+00     -0.0173  2.8478E-01
  120.7489    5.0000    4.9996    4.9178    3.9094    2.3442    3.5685    1.1891  3.7287E+00     -0.0173  2.7462E-01
  120.7552    5.0000    4.9996    4.9173    3.9204    2.3519    3.5674    1.1891  3.7282E+00     -0.0173  2.6481E-01
  120.7615    5.0000    4.9996    4.9168    3.9313    2.3597    3.5663    1.1891  3.7277E+00     -0.0173  2.5531E-01
  120.7675    5.0000    4.9996    4.9164    3.9423    2.3674    3.5651    1.1891  3.7272E+00     -0.0173  2.4613E-01
  120.7735    5.0000    4.9996    4.9159    3.9533    2.3752    3.5640    1.1891  3.7268E+00     -0.0173  2.3724E-01
  120.7793    5.0000    4.9996    4.9154    3.9642    2.3829    3.5629    1.1891  3.7262E+00     -0.0173  2.2865E-01
  120.7850    5.0000    4.9996    4.9148    3.9752    2.3906    3.5617    1.1891  3.7257E+00     -0.0173  2.2033E-01
  120.7906    5.0000    4.9996    4.9143    3.9862    2.3984    3.5606    1.1891  3.7252E+00     -0.0173  2.1227E-01
  120.7961    5.0000    4.9996    4.9138    3.9971    2.4061    3.5595    1.1891  3.7247E+00     -0.0173  2.0446E-01
  120.8015    5.0000    4.9996    4.9132    4.0081    2.4139    3.5583    1.1891  3.7241E+00     -0.0173  1.9687E-01
  120.8068    5.0000    4.9996    4.9126    4.0191    2.4217    3.5572    1.1891  3.7235E+00     -0.0173  1.8949E-01
  120.8120    5.0000    4.9996    4.9121    4.0300    2.4294    3.5561    1.1891  3.7230E+00     -0.0173  1.8227E-01
  120.8170    5.0000    4.9996    4.9115    4.0410    2.4372    3.5549    1.1891  3.7224E+00     -0.0173  1.7515E-01
  120.8220    5.0000    4.9996    4.9109    4.0520    2.4450    3.5538    1.1891  3.7218E+00     -0.0173  1.6802E-01
  120.8269    5.0000    4.9996    4.9102    4.0629    2.4527    3.5526    1.1891  3.7211E+00     -0.0173  1.6072E-01
  120.8316    5.0000    4.9996    4.9096    4.0739    2.4605    3.5515    1.1891  3.7205E+00     -0.0173  1.5293E-01
  120.8363    5.0000    4.9996    4.9089    4.0849    2.4683    3.5503    1.1891  3.7198E+00     -0.0173  1.4472E-01
  120.8409    5.0000    4.9996    4.9083    4.0958    2.4761    3.5492    1.1891  3.7192E+00     -0.0173  1.3910E-01
  120.8454    5.0000    4.9996    4.9076    4.1068    2.4839    3.5480    1.1891  3.7185E+00     -0.0173  1.3367E-01
  120.8498    5.0000    4.9996    4.9069    4.1178    2.4917    3.5469    1.1891  3.7178E+00     -0.0173  1.2842E-01
  120.8541    5.0000    4.9996    4.9062    4.1287    2.4995    3.5457    1.1891  3.7171E+00     -0.0173  1.2335E-01
  120.8583    5.0000    4.9996    4.9055    4.1397    2.5072    3.5446    1.1891  3.7164E+00     -0.0173  1.1845E-01
  120.8624    5.0000    4.9996    4.9047    4.1507    2.5150    3.5434    1.1891  3.7156E+00     -0.0173  1.1372E-01
  120.8665    5.0000    4.9996    4.9039    4.1616    2.5229    3.5423    1.1891  3.7148E+00     -0.0173  1.0915E-01
  120.8705    5.0000    4.9996    4.9032    4.1726    2.5307    3.5411    1.1891  3.7140E+00     -0.0173  1.0474E-01
  120.8744    5.0000    4.9996    4.9023    4.1836    2.5385    3.5399    1.1891  3.7132E+00     -0.0173  1.0047E-01
  120.8782    5.0000    4.9996    4.9015    4.1945    2.5463    3.5388    1.1891  3.7124E+00     -0.0173  9.6355E-02
  120.8819    5.0000    4.9996    4.9007    4.2055    2.5541    3.5376    1.1891  3.7116E+00     -0.0173  9.2381E-02
  120.8856    5.0000    4.9996    4.8998    4.2165    2.5619    3.5364    1.1891  3.7107E+00     -0.0173  8.8545E-02
  120.8892    5.0000    4.9996    4.8989    4.2274    2.5697    3.5353    1.1891  3.7098E+00     -0.0173  8.4843E-02
  120.8927    5.0000    4.9996    4.8980    4.2384    2.5776    3.5341    1.1891  3.7089E+00     -0.0173  8.1271E-02
  120.8962    5.0000    4.9996    4.8970    4.2494    2.5854    3.5329    1.1891  3.7079E+00     -0.0173  7.7826E-02
  120.8995    5.0000    4.9996    4.8961    4.2603    2.5932    3.5317    1.1891  3.7070E+00     -0.0173  7.4504E-02
  120.9029    5.0000    4.9996    4.8951    4.2713    2.6011    3.5306    1.1891  3.7060E+00     -0.0173  7.1301E-02
  120.9032    6.0000    4.9996    4.8950    4.2724    2.6018    3.5305    0.9712  3.9238E+00     -0.0173  7.0961E-02
  120.9082    6.0000    4.9996    4.8934    4.2750    2.6038    3.5302    0.9713  3.9221E+00     -0.0173  7.0131E-02
  120.9132    6.0000    4.9996    4.8918    4.2777    2.6057    3.5298    0.9714  3.9204E+00     -0.0173  6.9304E-02
  120.9182    6.0000    4.9996    4.8902    4.2804    2.6077    3.5295    0.9716  3.9186E+00     -0.0173  6.8482E-02
  120.9232    6.0000    4.9996    4.8886    4.2831    2.6096    3.5292    0.9717  3.9169E+00     -0.0173  6.7663E-02
  120.9282    6.0000    4.9996    4.8869    4.2858    2.6116    3.5289    0.9718  3.9151E+00     -0.0173  6.6848E-02
  120.9332    6.0000    4.9996    4.8853    4.2886    2.6136    3.5286    0.9719  3.9133E+00     -0.0173  6.6037E-02
  120.9382    6.0000    4.9996    4.8836    4.2913    2.6156    3.5283    0.9721  3.9115E+00     -0.0173  6.5229E-02
  120.9432    6.0000    4.9996    4.8819    4.2941    2.6176    3.5280    0.9722  3.9097E+00     -0.0173  6.4426E-02
  120.9482    6.0000    4.9996    4.8802    4.2968    2.6197    3.5276    0.9723  3.9079E+00     -0.0173  6.3627E-02
  120.9532    6.0000    4.9996    4.8784    4.2996    2.6217    3.5273    0.9724  3.9060E+00     -0.0173  6.2831E-02
  120.9582    6.0000    4.9996    4.8767    4.3024    2.6238    3.5270    0.9726  3.9041E+00     -0.0173  6.2040E-02
  120.9632    6.0000    4.9996    4.8749    4.3052    2.6258    3.5267    0.9727  3.9022E+00     -0.0173  6.1253E-02
  120.9682    6.0000    4.9996    4.8731    4.3081    2.6279    3.5263    0.9728  3.9002E+00     -0.0173  6.0469E-02
  120.9732    6.0000    4.9996    4.8712    4.3109    2.6300    3.5260    0.9729  3.8983E+00     -0.0173  5.9690E-02
  120.9782    6.0000    4.9996    4.8694    4.3138    2.6321    3.5257    0.9731  3.8963E+00     -0.0173  5.8915E-02
  120.9832    6.0000    4.9996    4.8675    4.3167    2.6342    3.5253    0.9732  3.8943E+00     -0.0173  5.8144E-02
  120.9882    6.0000    4.9996    4.8656    4.3196    2.6363    3.5250    0.9733  3.8923E+00     -0.0173  5.7377E-02
  120.9932    6.0000    4.9996    4.8637    4.3225    2.6384    3.5247    0.9735  3.8902E+00     -0.0173  5.6614E-02
  120.9982    6.0000    4.9996    4.8618    4.3254    2.6406    3.5243    0.9736  3.8882E+00     -0.0173  5.5856E-02
  121.0032    6.0000    4.9996    4.8598    4.3283    2.6427    3.5240    0.9737  3.8861E+00     -0.0173  5.5101E-02
  121.0082    6.0000    4.9996    4.8578    4.3313    2.6449    3.5236    0.9739  3.8839E+00     -0.0173  5.4351E-02
  121.0132    6.0000    4.9996    4.8558    4.3342    2.6471    3.5233    0.9740  3.8818E+00     -0.0173  5.3606E-02
  121.0182    6.0000    4.9996    4.8537    4.3372    2.6493    3.5230    0.9742  3.8796E+00     -0.0173  5.2864E-02
  121.0232    6.0000    4.9996    4.8517    4.3402    2.6515    3.5226    0.9743  3.8774E+00     -0.0173  5.2127E-02
  121.0282    6.0000    4.9996    4.8496    4.3433    2.6537    3.5222    0.9744  3.8752E+00     -0.0173  5.1394E-02
  121.0332    6.0000    4.9996    4.8475    4.3463    2.6559    3.5219    0.9746  3.8729E+00     -0.0173  5.0666E-02
  121.0382    6.0000    4.9996    4.8453    4.3493    2.6581    3.5215    0.9747  3.8706E+00     -0.0173  4.9942E-02
  121.0432    6.0000    4.9996    4.8432    4.3524    2.6604    3.5212    0.9749  3.8683E+00     -0.0173  4.9222E-02
  121.0482    6.0000    4.9996    4.8409    4.3555    2.6627    3.5208    0.9750  3.8660E+00     -0.0173  4.8507E-02
  121.0532    6.0000    4.9996    4.8387    4.3586    2.6650    3.5204    0.9751  3.8636E+00     -0.0173  4.7797E-02
  121.0582    6.0000    4.9996    4.8365    4.3617    2.6673    3.5201    0.9753  3.8612E+00     -0.0173  4.7091E-02
  121.0632    6.0000    4.9996    4.8342    4.3649    2.6696    3.5197    0.9754  3.8587E+00     -0.0173  4.6390E-02
  121.0682    6.0000    4.9996    4.8318    4.3680    2.6719    3.5193    0.9756  3.8563E+00     -0.0173  4.5693E-02
  121.0732    6.0000    4.9996    4.8295    4.3712    2.6742    3.5190    0.9757  3.8538E+00     -0.0173  4.5001E-02
  121.0782    6.0000    4.9996    4.8271    4.3744    2.6766    3.5186    0.9759  3.8512E+00     -0.0173  4.4313E-02
  121.0832    6.0000    4.9996    4.8247    4.3776    2.6790    3.5182    0.9760  3.8487E+00     -0.0173  4.3631E-02
  121.0882    6.0000    4.9996    4.8223    4.3809    2.6813    3.5178    0.9762  3.8461E+00     -0.0173  4.2953E-02
  121.0932    6.0000    4.9996    4.8198    4.3841    2.6837    3.5174    0.9763  3.8434E+00     -0.0173  4.2279E-02
  121.0982    6.0000    4.9996    4.8173    4.3874    2.6862    3.5170    0.9765  3.8408E+00     -0.0173  4.1611E-02
  121.1032    6.0000    4.9996    4.8147    4.3907    2.6886    3.5167    0.9766  3.8381E+00     -0.0173  4.0947E-02
  121.1082    6.0000    4.9996    4.8121    4.3940    2.6910    3.5163    0.9768  3.8353E+00     -0.0173  4.0289E-02
  121.1132    6.0000    4.9996    4.8095    4.3974    2.6935    3.5159    0.9770  3.8325E+00     -0.0173  3.9635E-02
  121.1182    6.0000    4.9996    4.8068    4.4007    2.6960    3.5155    0.9771  3.8297E+00     -0.0173  3.8986E-02
  121.1232    6.0000    4.9996    4.8041    4.4041    2.6985    3.5151    0.9773  3.8269E+00     -0.0173  3.8342E-02
  121.1282    6.0000    4.9996    4.8014    4.4075    2.7010    3.5147    0.9774  3.8240E+00     -0.0173  3.7703E-02
  121.1332    6.0000    4.9996    4.7986    4.4109    2.7035    3.5142    0.9776  3.8210E+00     -0.0173  3.7069E-02
  121.1382    6.0000    4.9996    4.7958    4.4144    2.7061    3.5138    0.9778  3.8180E+00     -0.0173  3.6440E-02
  121.1432    6.0000    4.9996    4.7930    4.4178    2.7086    3.5134    0.9779  3.8150E+00     -0.0173  3.5816E-02
  121.1482    6.0000    4.9996    4.7901    4.4213    2.7112    3.5130    0.9781  3.8120E+00     -0.0173  3.5197E-02
  121.1532    6.0000    4.9996    4.7871    4.4248    2.7138    3.5126    0.9783  3.8088E+00     -0.0173  3.4584E-02
  121.1582    6.0000    4.9996    4.7841    4.4283    2.7164    3.5122    0.9784  3.8057E+00     -0.0173  3.3975E-02
  121.1632    6.0000    4.9996    4.7811    4.4319    2.7190    3.5117    0.9786  3.8025E+00     -0.0173  3.3372E-02
  121.1682    6.0000    4.9996    4.7780    4.4355    2.7217    3.5113    0.9788  3.7992E+00     -0.0173  3.2774E-02
  121.1732    6.0000    4.9996    4.7749    4.4391    2.7244    3.5109    0.9790  3.7959E+00     -0.0173  3.2182E-02
  121.1782    6.0000    4.9996    4.7717    4.4427    2.7271    3.5104    0.9791  3.7926E+00     -0.0173  3.1594E-02
  121.1832    6.0000    4.9996    4.7685    4.4464    2.7298    3.5100    0.9793  3.7892E+00     -0.0173  3.1012E-02
  121.1882    6.0000    4.9996    4.7652    4.4500    2.7325    3.5095    0.9795  3.7858E+00     -0.0173  3.0436E-02
  121.1932    6.0000    4.9996    4.7619    4.4537    2.7352    3.5091    0.9797  3.7823E+00     -0.0173  2.9865E-02
  121.1982    6.0000    4.9996    4.7585    4.4575    2.7380    3.5086    0.9798  3.7787E+00     -0.0173  2.9299E-02
  121.2032    6.0000    4.9996    4.7551    4.4612    2.7408    3.5082    0.9800  3.7751E+00     -0.0173  2.8739E-02
  121.2082    6.0000    4.9996    4.7516    4.4650    2.7436    3.5077    0.9802  3.7714E+00     -0.0173  2.8184E-02
  121.2132    6.0000    4.9996    4.7481    4.4688    2.7464    3.5073    0.9804  3.7677E+00     -0.0173  2.7635E-02
  121.2182    6.0000    4.9996    4.7445    4.4726    2.7493    3.5068    0.9806  3.7639E+00     -0.0173  2.7091E-02
  121.2232    6.0000    4.9996    4.7409    4.4765    2.7522    3.5063    0.9808  3.7601E+00     -0.0173  2.6553E-02
  121.2282    6.0000    4.9996    4.7372    4.4804    2.7551    3.5058    0.9810  3.7562E+00     -0.0173  2.6020E-02
  121.2332    6.0000    4.9996    4.7334    4.4843    2.7580    3.5054    0.9812  3.7522E+00     -0.0173  2.5494E-02
  121.2382    6.0000    4.9996    4.7295    4.4882    2.7609    3.5049    0.9814  3.7482E+00     -0.0173  2.4972E-02
  121.2432    6.0000    4.9996    4.7257    4.4922    2.7639    3.5044    0.9816  3.7441E+00     -0.0173  2.4457E-02
  121.2482    6.0000    4.9996    4.7217    4.4962    2.7669    3.5039    0.9818  3.7399E+00     -0.0173  2.3947E-02
  121.2532    6.0000    4.9996    4.7177    4.5002    2.7699    3.5034    0.9820  3.7357E+00     -0.0173  2.3443E-02
  121.2582    6.0000    4.9996    4.7136    4.5043    2.7729    3.5029    0.9822  3.7314E+00     -0.0173  2.2945E-02
  121.2632    6.0000    4.9996    4.7094    4.5084    2.7760    3.5024    0.9824  3.7270E+00     -0.0173  2.2453E-02
  121.2682    6.0000    4.9996    4.7051    4.5125    2.7790    3.5019    0.9826  3.7226E+00     -0.0173  2.1966E-02
  121.2732    6.0000    4.9996    4.7008    4.5166    2.7822    3.5014    0.9828  3.7180E+00     -0.0173  2.1486E-02
  121.2782    6.0000    4.9996    4.6964    4.5208    2.7853    3.5008    0.9830  3.7134E+00     -0.0173  2.1011E-02
  121.2832    6.0000    4.9996    4.6919    4.5250    2.7884    3.5003    0.9832  3.7088E+00     -0.0173  2.0542E-02
  121.2882    6.0000    4.9996    4.6874    4.5293    2.7916    3.4998    0.9834  3.7040E+00     -0.0173  2.0079E-02
  121.2932    6.0000    4.9996    4.6828    4.5336    2.7948    3.4992    0.9836  3.6991E+00     -0.0173  1.9622E-02
  121.2982    6.0000    4.9996    4.6780    4.5379    2.7981    3.4987    0.9838  3.6942E+00     -0.0173  1.9171E-02
  121.3032    6.0000    4.9996    4.6732    4.5422    2.8014    3.4982    0.9841  3.6892E+00     -0.0173  1.8726E-02
  121.3082    6.0000    4.9996    4.6683    4.5466    2.8047    3.4976    0.9843  3.6841E+00     -0.0173  1.8287E-02
  121.3132    6.0000    4.9996    4.6633    4.5511    2.8080    3.4970    0.9845  3.6788E+00     -0.0173  1.7853E-02
  121.3182    6.0000    4.9996    4.6583    4.5555    2.8113    3.4965    0.9847  3.6735E+00     -0.0173  1.7426E-02
  121.3232    6.0000    4.9996    4.6531    4.5600    2.8147    3.4959    0.9850  3.6681E+00     -0.0173  1.7005E-02
  121.3282    6.0000    4.9996    4.6478    4.5645    2.8181    3.4953    0.9852  3.6626E+00     -0.0173  1.6590E-02
  121.3332    6.0000    4.9996    4.6424    4.5691    2.8216    3.4948    0.9854  3.6570E+00     -0.0173  1.6181E-02
  121.3382    6.0000    4.9996    4.6369    4.5737    2.8251    3.4942    0.9857  3.6513E+00     -0.0173  1.5778E-02
  121.3432    6.0000    4.9996    4.6314    4.5784    2.8286    3.4936    0.9859  3.6455E+00     -0.0173  1.5381E-02
  121.3482    6.0000    4.9996    4.6241    4.5831    2.8322    3.4929    0.9861  3.6379E+00     -0.0173  1.4972E-02
  121.3532    6.0000    4.9996    4.6137    4.5878    2.8359    3.4923    0.9864  3.6273E+00     -0.0173  1.4536E-02
  121.3582    6.0000    4.9996    4.5984    4.5926    2.8398    3.4915    0.9866  3.6117E+00     -0.0173  1.4057E-02
  121.3632    6.0000    4.9996    4.5743    4.5974    2.8440    3.4906    0.9869  3.5874E+00     -0.0173  1.3499E-02
  121.3682    6.0000    4.9996    4.5327    4.6023    2.8488    3.4894    0.9871  3.5455E+00     -0.0173  1.2785E-02
  121.3708    6.0000    4.9996    4.4873    4.6048    2.8521    3.4884    0.9873  3.5001E+00     -0.0173  1.2200E-02
  121.3721    6.0000    4.9996    4.4425    4.6061    2.8546    3.4875    0.9873  3.4551E+00     -0.0173  1.1708E-02
  121.3729    6.0000    4.9996    4.3980    4.6069    2.8566    3.4867    0.9874  3.4107E+00     -0.0173  1.1264E-02
  121.3737    6.0000    4.9996    4.3541    4.6077    2.8586    3.4859    0.9874  3.3666E+00     -0.0173  1.0838E-02
  121.3745    6.0000    4.9996    4.3105    4.6085    2.8606    3.4851    0.9875  3.3231E+00     -0.0173  1.0430E-02
  121.3753    6.0000    4.9996    4.2674    4.6093    2.8627    3.4843    0.9875  3.2799E+00     -0.0173  1.0038E-02
  121.3761    6.0000    4.9996    4.2247    4.6100    2.8647    3.4834    0.9875  3.2372E+00     -0.0173  9.6614E-03
  121.3768    6.0000    4.9996    4.1825    4.6108    2.8667    3.4826    0.9876  3.1949E+00     -0.0173  9.3001E-03
  121.3776    6.0000    4.9996    4.1407    4.6115    2.8685    3.4819    0.9876  3.1382E+00     -0.0173  8.9835E-03
  121.3783    6.0000    4.9996    4.0993    4.6123    2.8703    3.4812    0.9877  3.0805E+00     -0.0173  8.6815E-03
  121.3791    6.0000    4.9996    4.0583    4.6130    2.8721    3.4804    0.9877  3.0237E+00     -0.0173  8.3898E-03
  121.3798    6.0000    4.9996    4.0177    4.6137    2.8739    3.4797    0.9877  2.9675E+00     -0.0173  8.1082E-03
  121.3805    6.0000    4.9996    3.9775    4.6144    2.8757    3.4790    0.9878  2.9122E+00     -0.0173  7.8362E-03
  121.3812    6.0000    4.9996    3.9377    4.6152    2.8775    3.4783    0.9878  2.8576E+00     -0.0173  7.5736E-03
  121.3819    6.0000    4.9996    3.8984    4.6159    2.8793    3.4776    0.9879  2.8038E+00     -0.0173  7.3200E-03
  121.3826    6.0000    4.9996    3.8594    4.6166    2.8811    3.4769    0.9879  2.7507E+00     -0.0173  7.0751E-03
  121.3833    6.0000    4.9996    3.8208    4.6172    2.8829    3.4761    0.9879  2.6983E+00     -0.0173  6.8387E-03
  121.3840    6.0000    4.9996    3.7826    4.6179    2.8846    3.4754    0.9880  2.6466E+00     -0.0173  6.6103E-03
  121.3847    6.0000    4.9996    3.7447    4.6186    2.8864    3.4747    0.9880  2.5957E+00     -0.0173  6.3897E-03
  121.3853    6.0000    4.9996    3.7073    4.6193    2.8881    3.4740    0.9880  2.5455E+00     -0.0173  6.1768E-03
  121.3860    6.0000    4.9996    3.6702    4.6199    2.8899    3.4733    0.9881  2.4959E+00     -0.0173  5.9711E-03
  121.3866    6.0000    4.9996    3.6335    4.6206    2.8916    3.4726    0.9881  2.4470E+00     -0.0173  5.7724E-03
  121.3873    6.0000    4.9996    3.5972    4.6212    2.8933    3.4719    0.9881  2.3988E+00     -0.0173  5.5805E-03
  121.3879    6.0000    4.9996    3.5612    4.6219    2.8951    3.4712    0.9882  2.3513E+00     -0.0173  5.3952E-03
  121.3885    6.0000    4.9996    3.5256    4.6225    2.8968    3.4705    0.9882  2.3045E+00     -0.0173  5.2162E-03
  121.3892    6.0000    4.9996    3.4903    4.6231    2.8985    3.4698    0.9882  2.2583E+00     -0.0173  5.0432E-03
  121.3898    6.0000    4.9996    3.4554    4.6237    2.9002    3.4691    0.9883  2.2127E+00     -0.0173  4.8762E-03
  121.3904    6.0000    4.9996    3.4209    4.6244    2.9019    3.4684    0.9883  2.1678E+00     -0.0173  4.7148E-03
  121.3910    6.0000    4.9996    3.3867    4.6250    2.9036    3.4677    0.9883  2.1235E+00     -0.0173  4.5589E-03
  121.3916    6.0000    4.9996    3.3528    4.6256    2.9053    3.4670    0.9884  2.0798E+00     -0.0173  4.4083E-03
  121.3921    6.0000    4.9996    3.3193    4.6262    2.9069    3.4663    0.9884  2.0368E+00     -0.0173  4.2628E-03
  121.3927    6.0000    4.9996    3.2861    4.6268    2.9086    3.4657    0.9884  1.9943E+00     -0.0173  4.1222E-03
  121.3933    6.0000    4.9996    3.2532    4.6273    2.9103    3.4650    0.9885  1.9525E+00     -0.0173  3.9863E-03
  121.3939    6.0000    4.9996    3.2207    4.6279    2.9119    3.4643    0.9885  1.9112E+00     -0.0173  3.8551E-03
  121.3944    6.0000    4.9996    3.1885    4.6285    2.9136    3.4636    0.9885  1.8706E+00     -0.0173  3.7282E-03
  121.3950    6.0000    4.9996    3.1566    4.6290    2.9152    3.4629    0.9885  1.8305E+00     -0.0173  3.6056E-03
  121.3955    6.0000    4.9996    3.1250    4.6296    2.9168    3.4622    0.9886  1.7910E+00     -0.0173  3.4870E-03
  121.3960    6.0000    4.9996    3.0938    4.6302    2.9185    3.4616    0.9886  1.7521E+00     -0.0173  3.3725E-03
  121.3966    6.0000    4.9996    3.0629    4.6307    2.9201    3.4609    0.9886  1.7137E+00     -0.0173  3.2617E-03
  121.3971    6.0000    4.9996    3.0322    4.6313    2.9217    3.4602    0.9887  1.6759E+00     -0.0173  3.1547E-03
  121.3976    6.0000    4.9996    3.0019    4.6318    2.9233    3.4596    0.9887  1.6387E+00     -0.0173  3.0512E-03
  121.3981    6.0000    4.9996    2.9719    4.6323    2.9249    3.4589    0.9887  1.6020E+00     -0.0173  2.9511E-03
  121.3987    6.0000    4.9996    2.9422    4.6328    2.9265    3.4582    0.9887  1.5658E+00     -0.0173  2.8543E-03
  121.3992    6.0000    4.9996    2.9127    4.6334    2.9281    3.4576    0.9888  1.5302E+00     -0.0173  2.7607E-03
  121.3997    6.0000    4.9996    2.8836    4.6339    2.9297    3.4569    0.9888  1.4951E+00     -0.0173  2.6702E-03
  121.4001    6.0000    4.9996    2.8548    4.6344    2.9313    3.4562    0.9888  1.4605E+00     -0.0173  2.5826E-03
  121.4006    6.0000    4.9996    2.8262    4.6349    2.9328    3.4556    0.9889  1.4265E+00     -0.0173  2.4979E-03
  121.4011    6.0000    4.9996    2.7980    4.6354    2.9344    3.4549    0.9889  1.3930E+00     -0.0173  2.4160E-03
  121.4016    6.0000    4.9996    2.7700    4.6359    2.9359    3.4543    0.9889  1.3599E+00     -0.0173  2.3367E-03
  121.4021    6.0000    4.9996    2.7423    4.6364    2.9375    3.4536    0.9889  1.3274E+00     -0.0173  2.2600E-03
  121.4025    6.0000    4.9996    2.7149    4.6369    2.9390    3.4530    0.9890  1.2954E+00     -0.0173  2.1858E-03
  121.4030    6.0000    4.9996    2.6877    4.6373    2.9405    3.4523    0.9890  1.2638E+00     -0.0173  2.1139E-03
  121.4034    6.0000    4.9996    2.6608    4.6378    2.9421    3.4517    0.9890  1.2328E+00     -0.0173  2.0444E-03
  121.4039    6.0000    4.9996    2.6342    4.6383    2.9436    3.4511    0.9890  1.2022E+00     -0.0173  1.9770E-03
  121.4043    6.0000    4.9996    2.6079    4.6388    2.9451    3.4504    0.9891  1.1721E+00     -0.0173  1.9118E-03
  121.4048    6.0000    4.9996    2.5818    4.6392    2.9466    3.4498    0.9891  1.1425E+00     -0.0173  1.8487E-03
  121.4052    6.0000    4.9996    2.5560    4.6397    2.9481    3.4491    0.9891  1.1134E+00     -0.0173  1.7875E-03
  121.4056    6.0000    4.9996    2.5304    4.6401    2.9496    3.4485    0.9891  1.0847E+00     -0.0173  1.7283E-03
  121.4061    6.0000    4.9996    2.5051    4.6406    2.9510    3.4479    0.9892  1.0565E+00     -0.0173  1.6709E-03
  121.4065    6.0000    4.9996    2.4801    4.6410    2.9525    3.4473    0.9892  1.0287E+00     -0.0173  1.6154E-03
  121.4069    6.0000    4.9996    2.4553    4.6414    2.9540    3.4466    0.9892  1.0014E+00     -0.0173  1.5615E-03
  121.4073    6.0000    4.9996    2.4307    4.6419    2.9554    3.4460    0.9892  9.7457E-01     -0.0173  1.5093E-03
  121.4077    6.0000    4.9996    2.4064    4.6423    2.9569    3.4454    0.9892  9.4815E-01     -0.0173  1.4587E-03
  121.4081    6.0000    4.9996    2.3824    4.6427    2.9583    3.4448    0.9893  9.2218E-01     -0.0173  1.4097E-03
  121.4085    6.0000    4.9996    2.3585    4.6432    2.9597    3.4442    0.9893  8.9664E-01     -0.0173  1.3621E-03
  121.4089    6.0000    4.9996    2.3349    4.6436    2.9612    3.4436    0.9893  8.7153E-01     -0.0173  1.3160E-03
  121.4093    6.0000    4.9996    2.3116    4.6440    2.9626    3.4430    0.9893  8.4685E-01     -0.0173  1.2713E-03
  121.4097    6.0000    4.9996    2.2885    4.6444    2.9640    3.4424    0.9894  8.2259E-01     -0.0173  1.2279E-03
  121.4101    6.0000    4.9996    2.2656    4.6448    2.9654    3.4418    0.9894  7.9876E-01     -0.0173  1.1858E-03
  121.4105    6.0000    4.9996    2.2429    4.6452    2.9668    3.4412    0.9894  7.7534E-01     -0.0173  1.1449E-03
  121.4108    6.0000    4.9996    2.2205    4.6456    2.9681    3.4406    0.9894  7.5234E-01     -0.0173  1.1053E-03
  121.4112    6.0000    4.9996    2.1983    4.6460    2.9695    3.4400    0.9894  7.2975E-01     -0.0173  1.0668E-03
  121.4116    6.0000    4.9996    2.1763    4.6464    2.9709    3.4394    0.9895  7.0756E-01     -0.0173  1.0294E-03
  121.4119    6.0000    4.9996    2.1546    4.6467    2.9722    3.4388    0.9895  6.8578E-01     -0.0173  9.9316E-04
  121.4123    6.0000    4.9996    2.1330    4.6471    2.9736    3.4383    0.9895  6.6439E-01     -0.0173  9.5793E-04
  121.4126    6.0000    4.9996    2.1117    4.6475    2.9749    3.4377    0.9895  6.4341E-01     -0.0173  9.2372E-04
  121.4130    6.0000    4.9996    2.0906    4.6479    2.9762    3.4371    0.9895  6.2281E-01     -0.0173  8.9047E-04
  121.4133    6.0000    4.9996    2.0697    4.6482    2.9775    3.4366    0.9896  6.0261E-01     -0.0173  8.5817E-04
  121.4137    6.0000    4.9996    2.0490    4.6486    2.9788    3.4360    0.9896  5.8280E-01     -0.0173  8.2678E-04
  121.4140    6.0000    4.9996    2.0285    4.6490    2.9801    3.4354    0.9896  5.6336E-01     -0.0173  7.9627E-04
  121.4144    6.0000    4.9996    2.0082    4.6493    2.9814    3.4349    0.9896  5.4431E-01     -0.0173  7.6660E-04
  121.4147    6.0000    4.9996    1.9881    4.6497    2.9833    3.4340    0.9896  5.2564E-01     -0.0173  7.3558E-04
  121.4150    6.0000    4.9996    1.9682    4.6500    2.9864    3.4326    0.9897  5.0734E-01     -0.0173  7.0166E-04
  121.4153    6.0000    4.9996    1.9485    4.6504    2.9895    3.4311    0.9897  4.8942E-01     -0.0173  6.6916E-04
  121.4157    6.0000    4.9996    1.9291    4.6507    2.9924    3.4297    0.9897  4.7186E-01     -0.0173  6.3802E-04
  121.4160    6.0000    4.9996    1.9098    4.6510    2.9953    3.4284    0.9897  4.5467E-01     -0.0173  6.0816E-04
  121.4163    6.0000    4.9996    1.8907    4.6514    2.9982    3.4270    0.9897  4.3785E-01     -0.0173  5.7952E-04
  121.4166    6.0000    4.9996    1.8718    4.6517    3.0010    3.4257    0.9897  4.2139E-01     -0.0173  5.5204E-04
  121.4169    6.0000    4.9996    1.8530    4.6520    3.0037    3.4244    0.9898  4.0528E-01     -0.0173  5.2566E-04
  121.4172    6.0000    4.9996    1.8345    4.6524    3.0064    3.4232    0.9898  3.8953E-01     -0.0173  5.0033E-04
  121.4175    6.0000    4.9996    1.8162    4.6527    3.0090    3.4219    0.9898  3.7413E-01     -0.0173  4.7600E-04
  121.4178    6.0000    4.9996    1.7980    4.6530    3.0116    3.4207    0.9898  3.5909E-01     -0.0173  4.5262E-04
  121.4181    6.0000    4.9996    1.7800    4.6533    3.0130    3.4201    0.9898  3.4439E-01     -0.0173  4.3233E-04
  121.4184    6.0000    4.9996    1.7622    4.6536    3.0141    3.4196    0.9898  3.3004E-01     -0.0173  4.1307E-04
  121.4187    6.0000    4.9996    1.7446    4.6539    3.0152    3.4191    0.9899  3.1604E-01     -0.0173  3.9436E-04
  121.4190    6.0000    4.9996    1.7272    4.6542    3.0163    3.4187    0.9899  3.0237E-01     -0.0173  3.7617E-04
  121.4192    6.0000    4.9996    1.7099    4.6545    3.0173    3.4183    0.9899  2.8904E-01     -0.0173  3.5849E-04
  121.4195    6.0000    4.9996    1.6928    4.6548    3.0183    3.4178    0.9899  2.7605E-01     -0.0173  3.4130E-04
  121.4198    6.0000    4.9996    1.6759    4.6551    3.0193    3.4174    0.9899  2.6339E-01     -0.0173  3.2460E-04
  121.4201    6.0000    4.9996    1.6591    4.6554    3.0202    3.4170    0.9899  2.5107E-01     -0.0173  3.0835E-04
  121.4203    6.0000    4.9996    1.6425    4.6557    3.0211    3.4167    0.9900  2.3907E-01     -0.0173  2.9255E-04
  121.4206    6.0000    4.9996    1.6261    4.6560    3.0219    3.4163    0.9900  2.2740E-01     -0.0173  2.7719E-04
  121.4209    6.0000    4.9996    1.6098    4.6563    3.0228    3.4160    0.9900  2.1606E-01     -0.0173  2.6226E-04
  121.4211    6.0000    4.9996    1.5937    4.6566    3.0235    3.4156    0.9900  2.0504E-01     -0.0173  2.4775E-04
  121.4214    6.0000    4.9996    1.5778    4.6569    3.0243    3.4153    0.9900  1.9434E-01     -0.0173  2.3364E-04
  121.4216    6.0000    4.9996    1.5620    4.6571    3.0250    3.4151    0.9900  1.8395E-01     -0.0173  2.1994E-04
  121.4219    6.0000    4.9996    1.5464    4.6574    3.0256    3.4148    0.9900  1.7389E-01     -0.0173  2.0663E-04
  121.4221    6.0000    4.9996    1.5309    4.6577    3.0263    3.4146    0.9901  1.6413E-01     -0.0173  1.9371E-04
  121.4224    6.0000    4.9996    1.5156    4.6579    3.0269    3.4143    0.9901  1.5469E-01     -0.0173  1.8117E-04
  121.4226    6.0000    4.9996    1.5005    4.6582    3.0274    3.4141    0.9901  1.4556E-01     -0.0173  1.6902E-04
  121.4229    6.0000    4.9996    1.4855    4.6585    3.0279    3.4139    0.9901  1.3673E-01     -0.0173  1.5724E-04
  121.4231    6.0000    4.9996    1.4706    4.6587    3.0284    3.4138    0.9901  1.2821E-01     -0.0173  1.4585E-04
  121.4234    6.0000    4.9996    1.4559    4.6590    3.0288    3.4136    0.9901  1.2000E-01     -0.0173  1.3484E-04
  121.4236    6.0000    4.9996    1.4413    4.6592    3.0291    3.4135    0.9901  1.1208E-01     -0.0173  1.2420E-04
  121.4238    6.0000    4.9996    1.4269    4.6595    3.0294    3.4134    0.9902  1.0446E-01     -0.0173  1.1396E-04
  121.4241    6.0000    4.9996    1.4127    4.6597    3.0297    3.4133    0.9902  9.7136E-02     -0.0173  1.0410E-04
  121.4243    6.0000    4.9996    1.3985    4.6600    3.0299    3.4133    0.9902  9.0106E-02     -0.0173  9.4641E-05
  121.4245    6.0000    4.9996    1.3845    4.6602    3.0301    3.4133    0.9902  8.3367E-02     -0.0173  8.5583E-05
  121.4247    6.0000    4.9996    1.3707    4.6605    3.0302    3.4133    0.9902  7.6916E-02     -0.0173  7.6934E-05
  121.4249    6.0000    4.9996    1.3570    4.6607    3.0303    3.4133    0.9902  7.0752E-02     -0.0173  6.8704E-05
  121.4252    6.0000    4.9996    1.3434    4.6609    3.0302    3.4134    0.9902  6.4871E-02     -0.0173  6.0904E-05
  121.4254    6.0000    4.9996    1.3300    4.6612    3.0302    3.4135    0.9903  5.9271E-02     -0.0173  5.3542E-05
  121.4256    6.0000    4.9996    1.3167    4.6614    3.0300    3.4136    0.9903  5.3949E-02     -0.0173  4.6633E-05
  121.4258    6.0000    4.9996    1.3035    4.6616    3.0298    3.4138    0.9903  4.8902E-02     -0.0173  4.0185E-05
  121.4260    6.0000    4.9996    1.2905    4.6619    3.0295    3.4140    0.9903  4.4127E-02     -0.0173  3.4212E-05
  121.4262    6.0000    4.9996    1.2776    4.6621    3.0292    3.4142    0.9903  3.9622E-02     -0.0173  2.8725E-05
  121.4264    6.0000    4.9996    1.2648    4.6623    3.0287    3.4145    0.9903  3.5383E-02     -0.0173  2.3733E-05
  121.4266    6.0000    4.9996    1.2522    4.6625    3.0281    3.4148    0.9903  3.1406E-02     -0.0173  1.9244E-05
  121.4268    6.0000    4.9996    1.2396    4.6628    3.0275    3.4152    0.9903  2.7689E-02     -0.0173  1.5264E-05
  121.4270    6.0000    4.9996    1.2272    4.6630    3.0267    3.4157    0.9903  2.4226E-02     -0.0173  1.1793E-05
  121.4272    6.0000    4.9996    1.2150    4.6632    3.0258    3.4162    0.9904  2.1016E-02     -0.0173  8.8274E-06
  121.4274    6.0000    4.9996    1.2028    4.6634    3.0247    3.4167    0.9904  1.8052E-02     -0.0173  6.3569E-06
  121.4276    6.0000    4.9996    1.1908    4.6636    3.0235    3.4174    0.9904  1.5332E-02     -0.0173  4.3622E-06
  121.4278    6.0000    4.9996    1.1789    4.6638    3.0221    3.4182    0.9904  1.2850E-02     -0.0173  2.8149E-06
  121.4280    6.0000    4.9996    1.1671    4.6640    3.0205    3.4190    0.9904  1.0602E-02     -0.0173  1.6754E-06
  121.4282    6.0000    4.9996    1.1554    4.6642    3.0186    3.4200    0.9904  8.5828E-03     -0.0173  8.9267E-07
  121.4284    6.0000    4.9996    1.1439    4.6644    3.0165    3.4211    0.9904  6.7871E-03     -0.0173  4.0503E-07
  121.4285    6.0000    4.9996    1.1324    4.6646    3.0139    3.4225    0.9904  5.2101E-03     -0.0173  1.4215E-07
  121.4287    6.0000    4.9996    1.1211    4.6647    3.0108    3.4240    0.9904  3.8470E-03     -0.0173  3.0338E-08
  121.4289    6.0000    4.9996    1.1099    4.6649    3.0071    3.4260    0.9905  2.6939E-03     -0.0173  6.7477E-10
  121.4291    6.0000    4.9996    1.0988    4.6651    3.0025    3.4283    0.9905  1.7479E-03     -0.0173  2.0345E-14
  121.4293    6.0000    4.9996    1.0878    4.6652    2.9965    3.4313    0.9905  1.0082E-03     -0.0173  2.7727E-14
  121.4294    6.0000    4.9996    1.0769    4.6653    2.9885    3.4353    0.9905  4.7631E-04     -0.0173  4.0404E-14
  121.4296    6.0000    4.9996    1.0662    4.6653    2.9772    3.4410    0.9905  1.5211E-04     -0.0173  6.4338E-14
  121.4298    6.0000    4.9996    1.0555    4.6652    2.9599    3.4496    0.9905  1.7988E-05     -0.0173  1.1109E-13
  121.4299    6.0000    4.9996    1.0449    4.6649    2.9305    3.4642    0.9905  6.6121E-09     -0.0173  1.7997E-13
  121.4301    6.0000    4.9996    1.0345    4.6639    2.8731    3.4927    0.9905  1.0000E-10     -0.0173  2.8686E-13
  121.4303    6.0000    4.9996    1.0241    4.6610    2.7378    3.5596    0.9905  1.0000E-10     -0.0173  6.7802E-13
  121.4304    6.0000    4.9996    1.0139    4.6503    2.3244    3.7637    0.9905  1.0000E-10     -0.0173  5.9412E-12
  121.4354    6.0000    4.9996    1.0046    4.5919    0.8455    4.4885    0.9908  1.0000E-10     -0.0173  4.7342E-09
  121.4376    6.0000    4.9996    1.0030    4.5548    0.3292    4.7374    0.9910  1.0000E-10     -0.0173  2.2835E-08
  121.4394    6.0000    4.9996    1.0017    4.5059   -0.1288    4.9542    0.9911  1.0000E-10     -0.0173  5.2882E-08
  121.4412    6.0000    4.9996    1.0007    4.4431   -0.5215    5.1348    0.9912  1.0000E-10     -0.0173  8.6455E-08
  121.4431    6.0000    4.9996    0.9999    4.3651   -0.8447    5.2769    0.9913  1.0000E-10     -0.0173  1.1922E-07
  121.4450    6.0000    4.9996    0.9992    4.2729   -1.1004    5.3817    0.9914  1.0000E-10     -0.0173  1.4765E-07
  121.4469    6.0000    4.9996    0.9987    4.1780   -1.2829    5.4492    0.9915  1.0000E-10     -0.0173  1.6858E-07
  121.4493    6.0000    4.9996    0.9983    4.0576   -1.4464    5.5009    0.9917  1.0000E-10     -0.0173  2.2019E-07
  121.4521    6.0000    4.9996    0.9980    3.9311   -1.5689    5.5305    0.9919  1.0000E-10     -0.0173  3.3113E-07
  121.4552    6.0000    4.9996    0.9977    3.8013   -1.6622    5.5447    0.9921  1.0000E-10     -0.0173  4.4585E-07
  121.4585    6.0000    4.9996    0.9976    3.6664   -1.7362    5.5480    0.9923  1.0000E-10     -0.0173  5.6238E-07
  121.4622    6.0000    4.9996    0.9974    3.5227   -1.7978    5.5428    0.9925  1.0000E-10     -0.0173  6.8249E-07
  121.4663    6.0000    4.9996    0.9974    3.3649   -1.8511    5.5300    0.9928  1.0000E-10     -0.0173  8.1028E-07
  121.4713    6.0000    4.9996    0.9973    3.1656   -1.9036    5.5065    0.9931  1.0000E-10     -0.0173  9.6767E-07
  121.4762    6.0000    4.9996    0.9973    2.9592   -1.9459    5.4760    0.9934  1.0000E-10     -0.0173  1.1299E-06
  121.4813    6.0000    4.9996    0.9973    2.7448   -1.9809    5.4399    0.9938  1.0000E-10     -0.0173  1.3031E-06
  121.4863    6.0000    4.9996    0.9973    2.5257   -2.0098    5.3996    0.9941  1.0000E-10     -0.0173  1.4925E-06
  121.4913    6.0000    4.9996    0.9973    2.3091   -2.0334    5.3572    0.9944  1.0000E-10     -0.0173  1.7047E-06
  121.4963    6.0000    4.9996    0.9973    2.1048   -2.0522    5.3156    0.9948  1.0000E-10     -0.0173  1.9478E-06
  121.5013    6.0000    4.9996    0.9973    1.9243   -2.0667    5.2777    0.9951  1.0000E-10     -0.0173  2.2338E-06
  121.5063    6.0000    4.9996    0.9973    1.7771   -2.0772    5.2462    0.9955  1.0000E-10     -0.0173  2.5817E-06
  121.5113    6.0000    4.9996    0.9973    1.6693   -2.0844    5.2228    0.9959  1.0000E-10     -0.0173  3.0229E-06
  121.5163    6.0000    4.9996    0.9973    1.6011   -2.0888    5.2079    0.9962  1.0000E-10     -0.0173  3.6135E-06
  121.5213    6.0000    4.9996    0.9973    1.5668   -2.0910    5.2005    0.9966  1.0000E-10     -0.0173  4.4636E-06
  121.5263    6.0000    4.9996    0.9973    1.5561   -2.0919    5.1983    0.9970  1.0000E-10     -0.0173  5.8226E-06
  121.5296   11.0000    0.9973    0.9973    1.5555   -2.0921    5.1982    0.9973  1.0000E-10    121.5296  7.2975E-06
  121.6296   11.0000    0.9973    0.9973    1.2003   -2.0921    5.1094    0.9973  1.0000E-10    121.5296  7.2975E-06
  122.6296   11.0000    0.9973    0.9973    0.2820   -2.0921    4.8798    0.9973  1.0000E-10    121.5296  7.2975E-06
  132.6296   11.0000    0.9973    0.9973   -0.8626   -2.0921    4.5937    0.9973  1.0000E-10    121.5296  7.2975E-06
  232.6296   11.0000    0.9973    0.9973   -2.0389   -2.0921    4.2996    0.9973  1.0000E-10    121.5296  7.2975E-06
  732.6296   11.0000    0.9973    0.9973   -2.9122   -2.0921    4.0813    0.9973  1.0000E-10    121.5296  7.2975E-06
 1232.6295   11.0000    0.9973    0.9973   -3.2186   -2.0921    4.0047    0.9973  1.0000E-10    121.5296  7.2975E-06
 1732.6295   11.0000    0.9973    0.9973   -3.4090   -2.0921    3.9571    0.9973  1.0000E-10    121.5296  7.2975E-06
 2232.6296   11.0000    0.9973    0.9973   -3.5475   -2.0921    3.9225    0.9973  1.0000E-10    121.5296  7.2975E-06
 2732.6296   11.0000    0.9973    0.9973   -3.6564   -2.0921    3.8952    0.9973  1.0000E-10    121.5296  7.2975E-06
 3232.6296   11.0000    0.9973    0.9973   -3.7462   -2.0921    3.8728    0.9973  1.0000E-10    121.5296  7.2975E-06
 3732.6296   11.0000    0.9973    0.9973   -3.8226   -2.0921    3.8537    0.9973  1.0000E-10    121.5296  7.2975E-06
 4232.6294   11.0000    0.9973    0.9973   -3.8890   -2.0921    3.8371    0.9973  1.0000E-10    121.5296  7.2975E-06
 4732.6294   11.0000    0.9973    0.9973   -3.9478   -2.0921    3.8224    0.9973  1.0000E-10    121.5296  7.2975E-06
 5232.6294   11.0000    0.9973    0.9973   -4.0006   -2.0921    3.8092    0.9973  1.0000E-10    121.5296  7.2975E-06
 5732.6294   11.0000    0.9973    0.9973   -4.0484   -2.0921    3.7972    0.9973  1.0000E-10    121.5296  7.2975E-06
 6232.6294   11.0000    0.9973    0.9973   -4.0922   -2.0921    3.7863    0.9973  1.0000E-10    121.5296  7.2975E-06
 6732.6294   11.0000    0.9973    0.9973   -4.1325   -2.0921    3.7762    0.9973  1.0000E-10    121.5296  7.2975E-06
 7232.6294   11.0000    0.9973    0.9973   -4.1698   -2.0921    3.7669    0.9973  1.0000E-10    121.5296  7.2975E-06
 7732.6294   11.0000    0.9973    0.9973   -4.2046   -2.0921    3.7582    0.9973  1.0000E-10    121.5296  7.2975E-06
 8232.6299   11.0000    0.9973    0.9973   -4.2372   -2.0921    3.7500    0.9973  1.0000E-10    121.5296  7.2975E-06
 8732.6299   11.0000    0.9973    0.9973   -4.2679   -2.0921    3.7423    0.9973  1.0000E-10    121.5296  7.2975E-06
 9232.6299   11.0000    0.9973    0.9973   -4.3251   -2.0921    3.7281    0.9973  1.0000E-10    121.5296  7.2975E-06
 9732.6299   11.0000    0.9973    0.9973   -4.4754   -2.0921    3.6905    0.9973  1.0000E-10    121.5296  7.2975E-06
10232.6299   11.0000    0.9973    0.9973   -4.6181   -2.0921    3.6548    0.9973  1.0000E-10    121.5296  7.2975E-06
10732.6299   11.0000    0.9973    0.9973   -4.7540   -2.0921    3.6208    0.9973  1.0000E-10    121.5296  7.2975E-06
11232.6299   11.0000    0.9973    0.9973   -4.8835   -2.0921    3.5884    0.9973  1.0000E-10    121.5296  7.2975E-06
11732.6299   11.0000    0.9973    0.9973   -5.0074   -2.0921    3.5575    0.9973  1.0000E-10    121.5296  7.2975E-06
12000.0000   11.0000    0.9973    0.9973   -5.0715   -2.0921    3.5414    0.9973  1.0000E-10    121.5296  7.2975E-06
   -1.0000   11.0000    0.9973    0.9973   -5.0715   -2.0921    3.5414    0.9973  1.0000E-10    121.5296  7.2975E-06
